14786
14895
148963
14587
156324
16257
162593
156942
16742
165728
18325
18657
23458
6589
2358147
27851
32148
32756
34962
349625
34952
36148
36147
36214
36742
36841
38417
385147
38126
38459
38752
26147
41569
41853
42368
427869
42756
43257
9874123
3214789
1236987
7896321
7412369
9632147
1478963
3698741
7415963
3695147
1235789
9875321
1475369
9635741
3215987
7895123
321456987
789654123
123654789
987456321
147852369
963258741
741258963
369852147
7415369
9635147
3215789
9875123
1475963
3695741
1235987
7895321
14789
98741
32147
74123
12369
96321
36987
78963
